0.046245
0.032369
0.031307
0.031286
0.031150
0.031224
0.031426
0.032365
0.031672
0.031175
0.266681
0.262200
0.277185
0.276986
0.279948
0.282643
0.274286
0.246778
0.245988
0.248427
0.825884
0.827378
0.828415
0.825480
0.826578
0.825489
0.825390
0.827879
0.832671
0.828972
1.967655
1.961773
1.959577
1.974038
1.963983
1.963212
1.962425
1.970871
1.961153
1.961622
3.863427
3.860302
3.862380
3.870110
3.864884
3.861744
3.861243
4.067829
4.007799
3.898863
7.009463
7.044830
7.058299
7.085895
6.799364
7.123576
7.079942
7.080605
6.818848
7.137420
10.833384
10.839292
11.182785
11.371444
11.436610
11.184619
11.488136
11.505936
11.600949
14.938413
16.262695
16.565433
16.703269
16.297715
16.420046
16.465026
21.371295
17.211461
17.197941
17.142014
24.367345
24.876610
24.855017
24.960684
25.075175
25.192318
25.101597
25.353066
25.367155
25.342257
31.967986
34.619749
33.484002
34.872911
35.040375
34.341869
34.312957
34.401961
35.350528
34.471747