0.036329 
0.036068 
0.036986 
0.036602 
0.036463 
0.036095 
0.035647 
0.035793 
0.035916 
0.035942 
0.314057 
0.313999 
0.313447 
0.315130 
0.314498 
0.314388 
0.312470 
0.312191 
0.312286 
0.312619 
1.116057 
1.120900 
1.112359 
1.114604 
1.110895 
1.114667 
1.107581 
1.117837 
1.115780 
1.116548 
2.769853 
2.769602 
2.740725 
2.740215 
2.778895 
2.758433 
2.727242 
2.765665 
2.739590 
2.719590 
6.257383 
6.005971 
6.527980 
6.149773 
6.334512 
6.178852 
6.387537 
6.200876 
6.469941 
6.165760 
17.685281 
20.038054 
19.432652 
19.137367 
18.352362 
20.343449 
21.400356 
18.310679 
18.838843 
22.128871 
39.747109 
39.983284 
39.366871 
40.227920 
39.882433 
39.852778 
40.066157 
39.604167 
39.868663 
39.815944 
63.084664 
61.955197 
63.846393 
62.545792 
62.895690 
63.597592 
62.919319 
62.936051 
63.128256 
62.400288 
90.536248 
91.634109 
91.664124 
90.887129 
90.583441 
90.694732 
91.701320 
92.246837 
90.565979 
90.748232 
125.843150 
127.359689 
126.792762 
126.649915 
127.346928 
126.961201 
126.766660 
128.096125 
128.168764 
126.965790 
